4
	1
		3
			5
				0
					2
						6
						7
							6
								8
							8
						8
					6
						2
							7
								8
							8
								7
						7
							2
								8
							8
								2
						8
					7
						2
							6
								8
							8
								6
						6
						8
					8
						2
							6
								7
							7
								6
						6
						7
							2
							6
								2
				2
					0
						6
						7
							6
								8
							8
								6
						8
							6
								7
							7
								6
					6
						0
							7
								8
							8
								7
						7
							0
								8
							8
								0
						8
							0
								7
							7
								0
					7
						0
							6
								8
							8
								6
						6
						8
							0
								6
							6
								0
					8
						0
							6
								7
							7
								6
						6
						7
							0
								6
							6
								0
				6
					0
						2
						7
							2
							8
								2
						8
							2
							7
								2
					2
						0
						7
							0
							8
						8
							0
							7
								0
					7
						0
						2
						8
							0
								2
							2
								0
					8
						0
						2
						7
							0
								2
							2
				7
					0
						2
							6
								8
							8
								6
						6
							2
							8
								2
						8
							2
							6
								2
					2
						0
							6
								8
							8
						6
							0
							8
						8
							0
							6
								0
					6
						0
							2
								8
							8
								2
						2
							0
								8
							8
								0
						8
							0
								2
							2
								0
					8
						0
							2
							6
								2
						2
							0
								6
							6
								0
						6
							0
								2
							2
				8
					0
						2
							6
								7
							7
								6
						6
							2
							7
								2
						7
							2
							6
								2
					2
						0
						6
							0
							7
								0
						7
							0
							6
								0
					6
						0
						2
							0
								7
							7
								0
						7
							0
								2
							2
								0
					7
						0
						2
							0
								6
							6
								0
						6
							0
								2
							2
								0